INPUT:

0 3 8 99999 -4
99999 0 99999 1 7
99999 4 0 99999 99999
2 99999 -5 0 99999
99999 99999 99999 6 0

O/P:

INPUT Matrix:
0       3       8       inf     -4
inf     0       inf     1       7
inf     4       0       inf     inf
2       inf     -5      0       inf
inf     inf     inf     6       0

Matrix D:
0       1       -3      2       -4
3       0       -4      1       -1
7       4       0       5       3
2       -1      -5      0       -2
8       5       1       6       0

Matrix Pi:
-1      3       4       5       1
4       -1      4       2       1
4       3       -1      2       1
4       3       4       -1      1
4       3       4       5       -1